 masa : [1.05, 1.57, 1.20, 0.39, 25.3, 1.27, 2.21, 1.08, 1.64, 1.74, 1.40, 2.89, 2.96, 0.69, 2.36, 2.54, 35.0, 1.04, 1.11, 2.54, 1.71, 2.54, 1.36, 1.32]
 radijus: [1.02, 1.14, 1.06, 0.78, 1.37, 1.08, 1.29, 1.03, 1.15, 1.18, 1.11, 1.51, 1.52, 0.92, 1.35, 1.45, 1.41, 1.04, 1.04, 1.40, 1.17, 1.45, 1.10, 1.13]
 flux:[1.15, 0.87, 1.23, 1.12, 0.91, 0.70, 1.30, 0.67, 0.69, 1.45, 1.48, 1.06, 1.00, 0.65, 0.70, 0.56, 0.41, 0.37, 0.37, 0.32, 0.29, 0.30, 0.26, 0.25]
 temperatura: [24.85, 4.85, 29.85, 22.85, 7.85, -16.15, 33.85, -12.15, -26.15, 37.85, 43.85, 19.85, 9.85, -15.15, -10.15, -24.15, -43.15, -48.15, -48.15, -56.15, -61.15, -60.15, -68.15, -69.15]
 Gacc: [-9.76, -11.69, -10.33, -6.20, -130.40, -10.53, -12.85, -9.85, -12.00, -12.09, -10.99, -12.26, -12.39, -7.89, -12.53, -11.69, -170.31, -9.30, -9.94, -12.54, -12.08, -11.69, -10.87, -10.00]





